UE positions (x y z)
-5.332347006047158 23.3159729780065 1.5
-7.825781228283216 20.365709824883176 1.5
-8.658195836939193 20.710785575437825 1.5
-9.919950960246016 17.50855013813922 1.5
-9.07507379833675 23.516262744012185 1.5
-0.571183398160434 23.97792339933279 1.5
-3.572411480373695 19.2506757915251 1.5
-7.937885158911218 17.82311299373432 1.5
-2.628643904273124 19.482433371517203 1.5
-6.439926142910751 23.708523176049937 1.5
-3.41838209659479 21.174539539021282 1.5
-5.622921247710463 22.129613585528595 1.5
-4.353115792931587 21.76797421241756 1.5
-5.093815388323427 20.85881552354808 1.5
-2.043151549424 23.0149670036239 1.5
-8.720248146677429 21.28616508241261 1.5
-8.105411034910675 18.210229208801202 1.5
-0.007192396497675 22.333964823463823 1.5
-5.998769276238821 24.0705147887791 1.5
-0.263456819025892 21.32579656223355 1.5
-7.069270124709225 24.06239465620707 1.5
-2.546319353676071 23.911131939613124 1.5
-6.701191227329396 20.322668087013597 1.5
-8.652122742211063 19.197151018569368 1.5
-2.211863753879864 22.234126163606106 1.5
-1.477697908049162 21.578903720524497 1.5
-4.411844371018537 22.523720521488855 1.5
-1.760264742030676 20.016867630528058 1.5
-8.096371722685527 19.64331126390568 1.5
-2.79431072501853 20.35869250042285 1.5
-6.86079456179495 23.953782649245102 1.5
-1.453578652436919 20.348845612009942 1.5
-5.611864731685524 20.885466643203333 1.5
-5.492234880281137 19.29617322129795 1.5
-3.539217707603326 23.136516688442278 1.5
-6.968005944874299 21.337799605296677 1.5
-8.041653040189608 23.643323362761752 1.5
-0.237466869703733 20.675014731272533 1.5
-1.512321714833256 20.499860863406525 1.5
-8.223514459559969 20.76482969350673 1.5
-1.846991695679428 19.822254141892877 1.5
-0.541740222548201 20.626903949278912 1.5
-5.511291731786807 22.509746891482493 1.5
-3.995384569843102 23.73848092642251 1.5
-3.663726628042506 22.252750856102093 1.5
-4.786192147757603 23.39587611000018 1.5
-3.191988157032696 22.444988051441264 1.5
-0.526105080553146 19.768252678797595 1.5
-5.256334438697412 19.3818011532997 1.5
-6.04226715528015 22.436436676611354 1.5
-7.215766798975752 23.92044313681469 1.5
-1.322902878577846 18.967990567060045 1.5
-9.35641994047344 22.643802068080532 1.5
-5.029166144637449 20.406925385272515 1.5
-8.642218088128436 21.343677481168317 1.5
-1.585210447638543 23.49216728620565 1.5
-3.278316115246863 19.84297606597478 1.5
-3.456820025678863 20.5807648741705 1.5
-8.351279845264566 23.96482772416175 1.5
-1.621193520431266 22.773517198304667 1.5
-4.685150339762113 21.702407153613386 1.5
-8.660830895393692 20.71001778150358 1.5
-4.982466865239893 20.005603679907217 1.5
-9.875100337110384 23.172242104303844 1.5
-3.422390504507273 19.97265732588697 1.5
-0.672662321498803 21.04631914805255 1.5
-0.51514260561248 23.845929458855775 1.5
-7.778759647674585 21.921423851414065 1.5
-7.72563520447063 21.896381644129157 1.5
-6.099394512110417 23.09517854301125 1.5
-0.284439693050762 19.726602357933995 1.5
-8.234759867950203 19.134334573984184 1.5
-2.937619680257876 19.378060529388 1.5
-3.247496006734504 21.49025103870913 1.5
-4.407788090139316 21.994354329924583 1.5
-5.96428264932066 21.11301555289868 1.5
-0.303152109507689 23.18034323990268 1.5
-9.469714091488902 23.802402067201882 1.5
-9.381648823453904 22.391739142655513 1.5
-0.545173167313209 21.50899822053394 1.5
-5.294734619469884 23.926255620850846 1.5
-1.41450429363257 23.677539091248107 1.5
-3.463401727332235 20.316142037991213 1.5
-1.442064037181197 23.533036560107245 1.5
-5.360997854132639 20.59553746970506 1.5
-3.616773828034781 19.74066148256692 1.5
-0.352268190615991 22.00443129077981 1.5
-8.509122112878483 19.316806437180446 1.5
-5.507821253116832 19.591054899552198 1.5
-6.918886231379348 23.869464201071068 1.5
-7.754810014410522 22.83847658604106 1.5
-7.0637185220353 23.102323822443633 1.5
-0.644093194355097 21.593621430312492 1.5
-1.459208617354417 23.464880902196622 1.5
-2.435292604154666 23.942648092256245 1.5
-6.381330477143288 21.90852909648401 1.5
-8.715020543254955 23.33898051536455 1.5
-5.596509658562373 21.97662571672162 1.5
-9.374568841220503 21.59211778441294 1.5
-5.418543937927316 22.59639348053366 1.5
-3.070186572311546 22.42575661793364 1.5
-9.952160123652547 17.24356482394406 1.5
-1.284964132988469 20.447180665415043 1.5
-1.893235547740984 22.85911930475027 1.5
-5.355051829964418 19.245074005013976 1.5
-4.21125307324928 21.023461659499866 1.5
-4.650858742163692 20.827951328761664 1.5
-1.57591664981776 23.004402468891392 1.5
-4.987218722117031 22.982152510666747 1.5
-3.241861942581491 19.356018610701472 1.5
-9.718693436173025 17.082200181595432 1.5
-3.976618006392952 22.725632584867608 1.5
-1.029454212498328 23.44063788188733 1.5
-3.241639890722197 19.38416113545334 1.5
-5.483052406799173 21.170087120562684 1.5
-0.947448901581083 21.116018570162996 1.5
-1.526748328720998 23.01350205928228 1.5
-7.300544492420359 20.51425163609075 1.5
-1.421259789089332 19.605520034821904 1.5
-5.088730292040039 21.82517267932339 1.5
-4.513039275654553 19.145149603326804 1.5
-1.415388730045876 22.560322375731598 1.5
-2.6184687968542 23.78236896265335 1.5
-0.368201187104024 23.62282449647585 1.5
-1.290934406961465 22.555698679106982 1.5
-1.582473202159008 21.976677639457815 1.5
-2.249199000989837 20.179636909967986 1.5
-3.945067227005143 21.487331996337996 1.5
-0.431969075747613 20.250462945149774 1.5
-4.985598928409903 19.34320191497131 1.5
-3.091910622341584 20.201977925885167 1.5
-2.087036948283444 20.621650202544128 1.5
-2.19346675319769 19.718805388548947 1.5
-9.577822932640633 16.098782421650874 1.5
-8.954862230497781 23.96815157591681 1.5
-7.96358613655308 17.84057649151346 1.5
-1.21365714068167 21.355520905937965 1.5
-4.798167807467891 23.03810582410767 1.5
-5.066730710768193 19.91388936533316 1.5
-2.690125041035034 22.837852681576976 1.5
-2.757326261488959 19.357116950829436 1.5
-9.334000878085511 22.44943030730067 1.5
-1.660417154746956 19.486297369541532 1.5
-0.575735094357862 22.640108711624165 1.5
-0.762975778020005 23.03150170136619 1.5
-5.65351740333235 21.333959292110205 1.5
-6.813017803269016 22.900019964221293 1.5
-3.546924147200601 21.0826148329693 1.5
-3.419636410358839 20.592829267699212 1.5
-2.899259226233152 21.690882825500605 1.5
-9.048894330532539 22.739689922016606 1.5
-0.163539235194129 19.55837451590797 1.5
-8.703158780232096 21.264264870715838 1.5
-9.44129191711047 21.77824769093833 1.5
-3.532450176478137 23.39875246709119 1.5
-1.501108102772699 20.075031209650234 1.5
-7.371956768378459 23.56842000915917 1.5
-2.957841154030393 22.381749609248008 1.5
-6.443607132859388 19.87316225708748 1.5
-5.116731801170284 19.387635119812863 1.5
-0.854525528116051 21.403200079967885 1.5
-8.352725784892442 23.795574904482407 1.5
-1.638656319870435 19.319752954459613 1.5
-0.113039323216009 19.37544027108319 1.5
-1.360775991951561 18.872956272677364 1.5
-8.495637433571513 19.530728377209797 1.5
-3.65848036761249 20.923605506304376 1.5
-7.511003963223507 20.200660932094383 1.5
-6.865601648510889 22.02088606435277 1.5
-6.80818544535655 21.264011672308158 1.5
-2.245925713405764 23.84711258662359 1.5
-1.484118363394652 19.22488023074785 1.5
-3.069911594224788 20.2671224612973 1.5
-4.030179942401028 22.02276164072817 1.5
-1.58325645740336 23.409895772682148 1.5
-6.562127971402844 21.016386732511815 1.5
-8.291710994020288 19.045773173694922 1.5
-0.829446667058058 19.062074728719722 1.5
-8.479968309636515 22.384883369041162 1.5
-4.485744159482813 20.96929863003487 1.5
-5.020659574007396 21.94468656124109 1.5
-7.147560710198721 21.396383740599774 1.5
-6.415308050420084 21.649432753923893 1.5
-5.179718615422803 23.85224936656306 1.5
-7.643367317296812 20.410333972478742 1.5
-9.6782596228342 16.723563135855223 1.5
-2.032039154721867 19.58585454566534 1.5
-1.738078887945317 21.848317647354442 1.5
-9.194734507027107 21.255589878239686 1.5
-6.84878221644637 21.72904363666529 1.5
-3.496870816225447 19.39678510365548 1.5
-0.967236698180782 23.225003655227532 1.5
-8.703654036011413 20.76165266157502 1.5
-0.955431377233321 20.721894607994194 1.5
-8.975506213433631 20.404162468675196 1.5
-2.887937506582595 22.784476389453182 1.5
-4.446376441117639 23.34881908138681 1.5
-3.779261103923456 22.686325793552026 1.5
-6.47605327313136 20.31809220849254 1.5
-2.746769772381398 22.187437778871708 1.5
-0.949478348443215 21.420293631676447 1.5
-4.36503782347674 23.27204481894203 1.5
-9.05842777912434 21.90522396132593 1.5
-1.913511181294203 18.970884440135695 1.5
-3.303432141918177 19.377339844442794 1.5
-7.718936772460686 17.50759980117287 1.5
-4.929024340592862 20.01516972992764 1.5
-7.038581302335798 20.297546895909313 1.5
-3.983166175771825 21.013325178388214 1.5
-6.788093965215152 20.425057582991613 1.5
-5.574425959231717 19.60706648821297 1.5
-5.571954032380614 21.202923739606792 1.5
-9.14209433169911 21.085901969729832 1.5
-1.334113589219035 20.0071935277559 1.5
-6.750282273142592 21.2983350637521 1.5
-4.297502062867973 20.38332192447195 1.5
-6.264715510892564 21.051494708715637 1.5
-5.771724346757271 22.387828913981604 1.5
-8.93025086064659 22.335100838540498 1.5
-9.104315092575842 23.60051386435095 1.5
-7.381504975059454 20.887105344059858 1.5
-3.593862925552868 22.633943573050956 1.5
-7.26120168080178 23.134888166777877 1.5
-3.322758525159624 19.897530730462233 1.5
-8.327888840890065 19.854657411653374 1.5
-2.055759069236625 21.549195894884303 1.5
-0.70759824286699 20.159203650041732 1.5
-3.329993219541919 19.076736568277074 1.5
-7.956335465119886 20.84125755666256 1.5
-5.626685326174633 23.777565581563707 1.5
-4.274884045270426 22.621298013841344 1.5
-6.203331028907711 22.409830982625426 1.5
-3.429737685675166 19.816567664744763 1.5
-7.867656549940118 17.397748297587828 1.5
-8.09181182952623 22.727255958999873 1.5
-7.960538297111224 17.619503881434213 1.5
-4.914359555246236 22.717667946104314 1.5
-7.403535894145856 16.53134788816722 1.5
-6.327899224986813 21.25174023142486 1.5
-8.727516212164085 16.501998610510505 1.5
-9.555579759572137 16.59730650305626 1.5
-3.142803243814974 19.6520092895812 1.5
-7.503404283347864 23.46928676988634 1.5
-6.071338254496956 20.75437543459831 1.5
-9.621586619449515 16.950694746847542 1.5
-9.63235345570097 17.033545148048088 1.5
-5.291144716288737 19.9653446554105 1.5
-5.333298643823664 23.350551123208554 1.5
-9.978489021071216 23.857851189866583 1.5
-4.931445885973544 19.321749152691947 1.5
-0.445049206064455 23.15881840248132 1.5
-3.327579572407382 21.895017747087866 1.5
-2.034804109744353 23.685409186069787 1.5
-7.304785641983257 23.785037479437346 1.5
-6.174807101447254 23.244217495598406 1.5
-5.468569418591514 20.333901420263928 1.5
-7.620404244573363 22.204561010277395 1.5
-7.766913775744739 21.66001769958286 1.5
-0.637135561682475 20.23173493449788 1.5
-5.165156605294329 23.318076406510606 1.5
-0.619999148344863 21.599816610700827 1.5
-7.472775778480106 21.84870767468906 1.5
-7.938549804753656 17.61443837063308 1.5
-1.47282362489033 23.458585759960854 1.5
-4.963792035712817 20.35171382272602 1.5
-8.357866067711218 20.891003452073384 1.5
-2.859318841052186 19.87184238606624 1.5
-0.640390134154158 20.304071656664476 1.5
-7.093477332142698 21.032849590297346 1.5
-0.926678691246789 22.379073186798315 1.5
-8.908954366176037 22.137847635963034 1.5
-2.026516300290236 22.418458331931504 1.5
-9.440572125092936 23.999660130579667 1.5
-2.702549054472128 22.372368429849335 1.5
-4.949626100282306 23.430863320984024 1.5
-2.04864902826383 19.801799673476225 1.5
-1.177863637595433 19.42153389128209 1.5
-7.547550435656203 21.20720342818383 1.5
-5.875391681110342 20.57501235449827 1.5
-7.019536183357506 24.014652800295412 1.5
